(086) 2680031
(086) 8118453
(087) 6794211
(087) 2362124
(086) 8372739
(087) 9039061
087 241 5582
(086) 1053202
087 782 8001
087 1265 110
(087) 4178913
(087) 2350960
(087) 6449738
(087) 6820105
(086) 2542482
(087) 2447312
(087) 9476643
(086) 6044107
(087) 6538187
(087) 2564707
(087) 2941530
(086) 2743592
(087) 6381997
(087) 2812172
(087) 9773069
(087) 9931904
(086) 1648810
(087) 2597122
(086) 2324467
(087) 2210422
(086) 8171369
(086) 2441196
(087) 9406434
(086) 8252264
(086) 8540597
(087) 6807239
(087) 2025462
0866065292
(087) 6163032
(087) 9032505
(087) 2355420
(086) 8658440
(087) 2273593
(086) 2567523
0879174186
(087) 6964336
(087) 9674540
(086) 2852186
(087) 2453476
(087) 2384232
(087) 7642463
(087) 2025343
(087) 6838368
+353868277193
(087) 7471872
(087) 2842112
(087) 7840626
(087) 6860576
087 2417 281
(086) 8948306
0851046712
(087) 9967232
(087) 6784455
(087) 6168969
(085) 7457951
(086) 3547530
(087) 4143904
(087) 6124021
(087) 1262251
(085) 1481025
(087) 2742067
(087) 1348357
(087) 6208761
(087) 2021846
(085) 1438897
(087) 2567669
(086) 8723297
(086) 3511351
(087) 2431158
(087) 2466037
(087) 8258238
(087) 6444500
(086) 2497352
085 1386712
(087) 9879172
(086) 8150299
(087) 7690186
(087) 2837268
(086) 8249736
0872273681
(087) 2021120
(085) 7136204
087) 9978412
(087) 8274596
(087) 7811438
(087) 2868181
(086) 8158483
(086) 4034363
(087) 2853032
00 44 796 853 7010
(087) 7647020
(087) 7987947
(087) 9557773
(087) 6733280
(087) 9548205
(087) 9973385
(086) 2058257
(086) 0566249
(085) 1560995
(086) 8172272
(087) 2585716
086 2366800
(087) 2566682
(086) 3363058
(086) 8302819
(087) 6540113
(087) 6596886
(086) 8587171
(086) 3419437
(086) 6089729
(086) 3252664
(087) 6178583
(087) 2397099
(086) 6002231
0872337554
(087) 6168304
(087) 2936385
(087) 2574269
(088) 2706617
(087) 4195253
(087) 7527555
(087) 9187147
(086) 4092500
(086) 3686747
(087) 8182658
(086) 3023412
(087) 9377919
(087) 8208080
(086) 8364894
(087) 6525013
(087) 9695344
(087) 2339837
(087) 6926788
(085) 1420354
(087) 6568148
(087) 7535228
(086) 0581356
(087) 9122836
(087) 9762974
0863614734
0868585096
(087) 6647897
(087) 2388673
(087) 2895945
(086) 8625008
(087) 6133491
(086) 6007651
(086) 3238410
(087) 6311845
(086) 3694994
(086) 8846954
(087) 2384587
(087) 6490401
(086) 3845176
(087) 6613695
(087) 1349852
(087) 2071707
(087) 2541364
(086) 3423594
(087) 2833563
(086) 3098824
(087) 2454101
(087) 9597594
(087) 6481944
(086) 3886519
(086) 8644144
(087) 6548370
(087) 6324839
(086) 3276554
(085) 7118756
(087) 6854113
(086) 1540480
(086) 8810479
(086) 2447207
(087) 6593820
(086) 1730068
(087) 4184667
(085) 7203287
(087) 2211491
(087) 6894881
(087) 2954730
(087) 6764021
(087) 6773284
(087) 6163845
(087) 4163408
(087) 9233402
(086) 6049123
(086) 8388174
(087) 2283988
(086) 8260015
(087) 9007513
(086) 3639352
(087) 2217366
(087) 6754039
(086) 0804106
(086) 8138787
004915226395777
(087) 2386610
(086) 6089424
(086) 8912813
(087) 6468160
(086) 6864321
(085) 7215285
(087) 7756587
(086) 8719049
(087) 1222382
(087) 6676499
(087) 7427754
(087) 2633137
(086) 8334944
(087) 7998189
(086) 8150773
(086) 0701892
(086) 8427867
(086) 1029552
(087) 6559771
(087) 6657742
(087) 1333794
0858417974
(087) 6731677
(087) 9011309
(087) 2656868
(086) 3527575
(087) 4185055
(086) 3580507
(087) 7547436
(086) 1922332
(087) 9895546
(087) 4100816
(085) 7390542
(086) 8418431
(085) 7329764
(087) 9374220
(086) 1986910
(086) 8376635
(086) 1068432
(085) 7238780
(087) 6754037
086 348 6445
(087) 2824366
(087) 2059579
(087)2284759
(087) 8230015
0868633253
0870565218
(087) 9791411
(086) 8979314
(087) 6350484
(087) 2027993
(086) 3934309
(087) 6102057
(087) 7845826
(087) 9284999
0858256302
(087) 2333604
(086) 3995591
(086) 6106251
(087) 2850295
(086) 3710837
(087) 9431418
(087) 9060505
(086) 2764670
(086) 3277597
(086) 6009562
(087) 9490244
(087) 6420685
(088) 2756552
(087) 6690601
(085) 7305430
(087) 6420685
(086) 8587845
(087) 7631920
(086) 8900123
(087) 9732297
(085) 7327159
(087) 7928208
(086) 8423183
(087) 9557226
(087) 7563962
(086) 3305245
(086) 1686295
(085) 1429111
(086) 8169637
(086) 3456104
(086) 0747217
(087) 653548
(087) 2553368
(087) 2216707
(086) 1594024
(087) 4188485
(086) 8175694
(087) 9795363
(087) 1238613
087 211 5897
(087) 6523380
(087) 7771776
(087) 6475592
(086) 3769735
(086) 2316873
(087) 7823020
(086) 3854235
(086) 1904676
(086) 3483103
(086) 0833130
(087) 8189868
(086) 2714934
(087) 7926241
(086) 8550612
(086) 8550612
(086) 8550612
(085) 1479286
(086) 1606666
(087) 2274431
(087) 4119053
(086) 3888367
(087) 6394181
(087) 7592430
(085) 7136450
(086) 3416564
(087) 9627781
(087) 7744163
(087) 2274431
(087) 9971302
(087) 2370978
(087) 2047823
085 8410206
(086) 8900123
(087) 2301894
(087) 6858313
(087) 9604073
(086) 8075330
(086) 8075330
(085) 7132555
(085) 7300301
(085) 7173518
(086) 8569686
(087) 9533613
(087) 6045140
(087) 2115055
(087) 6938736
(086) 2535659
(087) 2794849
(086) 3006326
(087) 9339148
(085) 1408000
(086) 3540519
(087) 6987841
(087) 8569691
(086) 4050982
(087) 2272588
(086) 8134979
(087) 2582500
(087) 2268242
(085) 7151374
(085) 1457208
(087) 2278834
(087) 9351527
(086) 8112727
(087) 7701331
(086) 8677406
(086) 3620663
(087) 9443877
(087) 7520908
(087) 9763642
(086) 6095465
(087) 6715662
(087) 6564822
(087) 9149206
(085) 7207573
(087) 6822380
(087) 2445847
(087) 9819028
(087) 4184441
(087) 9152909
(086) 8035570
(087) 7614075
(086) 1659118
(086) 3240611
(087) 2843241
(087) 9488018
(087) 2230718
(085) 7195658
(086) 0546545
(086) 1625860
(086) 3983206
(087) 9556821
(087) 2428208
(087) 7674818
(087) 4188909
(086) 3010175
(086) 3643663
(087) 9017299
(087) 6954458
(087) 7433874
(086) 8171369
(087) 6996518
(088) 618706
(087) 6782920
00 353 86 8231178
(087) 2972150
(087) 2304713
(087) 7961104
(087) 6728466
(087) 7747172
(086) 8621501
(086) 1945050
(086) 0609961
(087) 6464042
(087) 6244196
(087) 2439465
(086) 1734757
(087) 9473143
(087) 905 4452
(087) 4107249
(086) 1018459
(086) 31400954
(086) 1618571
(086) 3872113
(086) 8605088
(085) 1452494
(086) 3499086
(086) 1936747
(086) 3520637
(085) 1460035
(087) 6301604
(086) 2418131
(087) 377732
(087) 6541213
(085) 7197729
(086) 6085910
(087) 9886108
(087) 2197287
(086) 0873180
(087) 7838246
(087) 2689121
(087) 9247510
(086) 8577917
(087) 7971341
(087) 6541213
(087) 9308871
(086) 8287196
(086) 8173487
(086) 4076909
(087) 9128507
(087) 2914634
(087) 2914634
(087) 2421610
(087) 7952271
(086) 8120923
(086) 2335663
(086) 2335663
(087) 2837267
(087) 9133690
(086) 1942723
(087) 2111809
(087) 2616407
(086) 3817815
(087) 7650296
(086) 3414756
(087) 9766280
(086) 8865663
(087) 9422019
(086) 3817966
(087) 6672605
(087) 2076012
(087) 2283145
(087) 7971688
(087) 9975331
(086) 3783882
(085) 7131587
(086) 3113732
(087) 2803211
(087) 6324641
(087) 7855880
(085) 1427708
(086) 6003151
(087) 1236074
(087) 7779886
(086) 2336090
(087) 7626464
(086) 8633720
(086) 1980230
(086) 8075247
(086) 3658363
(085) 7080454
(086) 8474634
(087) 6322801
(086) 6092616
(086) 1990901
(087) 9314062
(087) 6870322
(085) 1502241
(087) 7567992
(086) 8675655
(087) 9696258
(087) 1304720
(086) 0756677
(087) 9020976
(085) 1447055
(087) 9721953
(087) 6854256
(085) 7225390
(087) 7581608
(086) 8658561
(086) 1767940
(086) 0713639
(085) 724 1929
(087) 2430706
(086) 3951129
(086) 3951129
(086) 3697453
(086) 1928541
(086) 8187488
(085) 7269225
(085) 7269225
(086) 1089453
(087) 4151001
(086) 0888938
(087) 7953333
(087) 7953333
(087) 2079191
0876766623
(086) 8064785
(086) 8579377
(087) 6531347
(087) 7630864
087 9777011
(086) 0670312
(087) 2884480
(087) 2859311
(086) 8381231
(087) 7564427
(087) 2818159
(087) 2280287
(087) 2117220
(087) 9703474
(087) 6851435
(086) 8072476
(086) 6089906
(087) 6298599
(087) 2111809
(086) 8040292
(087) 9154811
(086) 6004472
(086) 4075128
(086) 1961746
(086) 2528401
(086) 3724151
(086) 8300384
(087) 9648906
(087) 9648906
(087) 2859311
(086) 2526752
(086) 8102149
(086) 8573299
(087) 2796182
(087) 4136284
(087) 6374685
(085) 7117783
(085) 7182516
(085) 7141436
(087) 9644675
(086) 8042710
(086) 8434680
(087) 6188327
(087) 6809915
(086) 3440864
(087) 72151205
(086) 8839603
(086) 0626678
(086) 8543388
(086) 8522773
(087) 6703637
(086) 0704299
(087) 7747604
(086) 8675879
(087) 7556429
(086) 1626509
(087) 9648906
(087) 2544733
(086) 3871294
(087) 2785517
(086) 3397581
(086) 1530030
(086) 1988178
(086) 8361912
(085) 7131123
(086) 1558445
(087) 2895249
(085) 7198925
(086) 1593944
(087) 6908439
(087) 6954752
(087) 6930954
(087) 6487523
(086) 0623293
(086) 1091989
(087) 7975438
(086) 6019550
(085) 1285289
(087) 6921474
(086) 6004531
(086) 8124085
(085) 71877270
(086) 8578054
(085) 1430382
(087) 2300216
(086) 8073197
(087) 7558823
(086) 8287196
(087) 7737838
087 222 7710
(087) 2455752
(086) 1544861
(087) 4183751
(086) 8308244
(087) 6175165
(086) 8062466
(086) 4037529
(087) 9495640
(087) 6375739
(086) 8654792
(086) 4091364
(087) 2285630
(087) 6227186
(086) 8130916
(086) 6008080
(087) 2533648
(087) 9422548
(086) 8317130
(087) 6985329
(087) 1322020
(087) 9871332
(086) 8494762
(085) 7263812
(086) 0639819
(086) 3415707
(087) 7556429
0851250450
(086) 3261931
(086) 8417385
(087) 7834805
(086) 2656262
0863756260
(087) 2229938
(087) 2229938
(086) 0506465
(086) 3872697
(087) 9593747
(086) 8896360
(087) 9181787
(086) 8065570
(085) 7453301
(087) 6331416
(085) 7227287
(086) 4034922
(086) 1744370
0877449453
087 2455150
0878038721
086 8208510
0872165554
0868119035
0873108112
046 902 1191
086 2452156
0873108112
086 8144003
087 6836294
0857720042
0877900763
0868445802
0873108112
087 6836294
086 6838413
087 922 6836
087 2432330
0877989107
087 2841898
0862336881
087 9378376
0879143392
0858222730
0877845408
0851497188
0857344281
087 1334210
0870975190
0858390440
0870975190
0851535794
0872286186
0876945316
0860802284
087 0975190
0876405547
0872273365
0876773404
086 3607044
0866081607
0879865892
0879886544
087 0560574
0877408088
086 8172640
086 8172640
087 7662679
087 7979999
087 9779325
(0)85 833 96 65
087 6969507
0860792678
0876737261
0872100749
0866014869
089 4427230
0872838089
0871759085
0894328805
0876908596
087 9761333
085 7561683
+353 857768391
0872353433
0863822883
0876545888
0871251755
0872633662
0866684613
0214677186
(01) 2449745
(061) 395374
(056) 21762
(021) 4875920
(01) 8207302
(098) 26430
(01) 8720877
(028) 90667306
(01) 2875209
(01) 8371651
(028) 90853147
(01) 8453609 (01) 6903195
(01) 4973900
(056) 22287
(01) 2892124
(01) 8361836
(01) 2691833
(01) 8461871
(056) 62860
(028) 90768385
(01) 4555779
(01) 2350287
(01) 8379995
(01) 8316084
(01) 4922970
(045) 431293
(01) 8203851
0598641292
(01) 6291195
(01) 8453237
(01) 2781287
(065) 6824642
(01) 2859070
(028) 90459676
(01) 8216810
(065) 6844258
(01) 8380522
(01) 8426671
(01) 8452585
(028) 90410266
(021) 4295214
(021) 4292072
(021) 4371466
(01) 8309983
(061) 363733
(00)(44) 208 561 6947
(01) 8670065
(01) 4521428
(01) 2782719
(01) 8403146
(01) 8403966
(01) 2858806
(01) 6266220
(021) 4317358
(01) 8318608
(01) 8771315
(01) 8215101 (01) 8213828
(01) 4929454
(01) 2889186
(01) 8393275
(01) 2854081
(021) 4291837
(028) 90610255
(0906) 474246
(01) 4557991
(01) 7011214
(01) 4527585
(01) 4922206
(01) 8342383
(01) 2956773
(01) 8343475
(0404) 66158
(01) 8341906
(01) 2691266
(045) 446704
(01) 4902099
01232-209107
(01) 4509763
(01) 2692945
(01) 2980277
(01) 4599678
(01) 8304991
(01) 4524891
(0902) 75465
(056) 7722852
(028) 90673697
(028) 90660912
(021) 4504372
(045) 867420
(01) 8079619
(01) 8475384
(01) 2852481
(01) 4565226
(01) 2016513
(01) 2896792
(01) 8405148
(01) 4908779
(01) 8426409
(094) 9023366
(061) 327946
(028) 90292982
(028) 90293727
(01) 6604291
(01) 2888265
(01) 2882370
(042) 9374258
(01) 4941191
(01) 4549977
(01) 8400979
(061) 343247
(063) 21002
(01) 2867172
(01) 8328492
(028) 9147 1561
(01) 6282006
(098) 26661
(01) 2986095
(028) 90460985
(01) 2875368
(01) 8641900
(028) 9066 0620 (079) 80477034
(071) 67976
(01) 4902831
(065) 6821193
(01) 8453581
(01) 2867922
(0404) 20589
(028) 9064 2985
(01) 8250293
(01) 8461478
01232-668037 (N.I.)
(028) 90761996
(01) 2819495
(041) 6854960
(01) 2985474
(01) 8490156
(01) 8451960
(051) 386387
(01) 4902099
(01) 2856292
(01) 8460152
+353469063603
(01) 8339317
01 810 6776
(01) 2884038
(056) 7767774
(056) 67774
(01) 4922373
(0044) (1695) 577152
(01) 2856773
(01) 8475898
(01) 4933012
91467197
(01) 4931829
(01) 6774615
(01) 4945465
(056) 70956
(01) 8374410
(01) 4518617
(01) 8436145
(061) 300044
(01) 4920454
(01) 8473203
(063) 81542
(01) 8317085
(061) 455582
(01) 4900181
(028) 9181 5842
(045) 526947
(021) 4397357
(028) 9065 3987
(046) 9247887
(01) 4973929
(0503) 63842 9163842
(01) 8203752
(01) 2697181
(01) 8317823
(01) 8375487
(021) 4891770
(047) 71740
(028) 9146 0391
(021) 4304304 Midname=Jeremiah
(01) 2982391
(021) 4343771
(01) 4976789
(01) 8360859
(01) 8403469
(00)(44)(207) 7376571
(094) 22689
(061) 328940
(01) 4556523
(01) 8027541
(01) 2692928
(01) 2894183
(028) 71290854
(01) 8670192
(01) 6243850
(01) 8460769
(00)(41) 14514119
(028) 90703940
(045) 520399
(045) 877567
(01) 8331038
(021) 4394384
(01) 8370814
(01) 8680108
(01) 2845359
(061) 302330
(01) 6242547
(01)4537017
(01) 2851379
(01) 6164083
(01) 6273861
(01) 8450241
(065) 6824824
(061) 270446
(061) 347824
(01) 2692118
(01) 2880133
(01) 4932469
(01) 4902338
(045) 433155
(01) 4931000
(044) 937 2894
01 2945226
(01) 8481039
(01) 4920213
(021) 4361753
(01) 8377498
(01) 8378117
(056) 7767725
(021) 4552908
(01) 8683713
(028) 71261604
(065) 6824784
(041) 9846092
(021) 4873745
(056) 61194
(01) 8335050
(01) 4933891
(0503) 31487
(01) 8344394
(01) 8453502
(01) 8453502
(01) 8477495
(01) 8169404
(01) 8216562
(01) 8453502
(028) 90948136
00 44 131 553 9051
(01) 6779059
(041) 34314
(01) 2801401
(01) 8623857
(01) 4574330
(028) 9145 1069
(053) 41376
(01) 8375549
(051) 879923
(01) 8339548
(00)(1) 201 6703514
(01) 2894818
(045) 868795
(01) 8321125
(01) 2694450
(01) 8671473
(052) 38904
(01) 8452870
(041) 9836267
(01) 2860279
(0503) 31460
(01) 8463186
(021) 4541054
(01) 8340619
(0773) 0009053
(01) 6606824
(01) 8255074
(01) 8375351
(01) 8331309
(01) 8672643
(01) 8452951
(061) 315427
(01) 4538541
(028) 90966988
(07790) 559339
(01) 8437779
0183050780
(028) 90423087
(01) 8204098
(045) 481548
(01) 2877654
(041) 9836110
(051) 424941
(045) 522277
(01) 8337776
(028) 71312860
(01) 8453354
(028) 9447 2932
(045) 895342
(01) 8314765
(063) 89250
(01) 8475926
(01) 2964120
(01) 4921330
90799821
(01) 4945544
(01) 6268693
(01) 8342140
(01) 6212021
(043) 84206
(01) 8348179
(045) 866730
(01) 8384510
(01) 4530601
(0504) 21695
(065) 6880020 (065) 6842035
(01) 2859922
(01) 2804280
(01) 8474183
(01) 8451687
(044) 40221
(041) 9824864
(052) 22513
(01) 2895422
(051) 641165
(021) 4541521
(045) 8892741
(021) 4361593
(061) 364478
(01) 2875154
(01) 2780125
(0504) 43179
(01) 8322168
(01) 8324251
(01) 4640711
(01) 8460998
(01) 6701674
(01) 8640648
(028) 94473771
(055) 20170
(045) 525628
(01) 4935367
(045) 525585
(01) 4941413
(01) 4944301
(066) 7180848
(01) 6269413
(091) 589130
(061) 313854
(01) 2895575
(01) 2303183
(01) 2888397
(071) 9161270
(01) 6270173
(094) 9023366 (096) 71023
(028) 90585477
(028) 9268 3324
01232-795273
(028) 90485537
(01) 8464300
(042) 9331339
(01) 8470525
(01) 8335806
(01) 8376367
(01) 8332719
(061) 364320
(0044 161) 4321889
(077) 76108789
(028) 92689654
(01) 8316282
(028) 92638857
(01) 4538541
(01) 8477207
(01) 8452396
(01) 8490515
(01) 2851794
(01) 2856530
(0044 208) 4042627
(0504) 22507
(01) 2869498
(052) 24468
(052) 26072
(021) 4357895
(021) 4892823
(021) 4507916
(064) 44108
(01) 4943896
(063) 81106
(01) 8327901
(064) 43017
(056) 7763721
(061) 325931
(0207) 4356185
+33 (0)5 65 78 13 96
(01) 8641900
(01) 4931564
(01) 2887178
(01) 2894949
(062) 47594
(01) 4911529
(028) 9185 3723
(0504) 23753
(01) 8402464
(01) 8451840
(01) 8436598
(01) 8450153
(01) 8453398
(01) 8484752
018326024
(01) 8222440
(091) 592304
(021) 4294476
(021) 831385
(01) 4906106
(01) 2833381
(053) 39992
(01) 8461871
(01) 4737153
(01) 6233958
(028) 9032 6795
(01) 8030595
(01) 2844194
(01) 8472929
(01) 8168927
(01) 8168927
(01) 2721578
(01) 2877405
(01) 2866378
(01) 4594304
(066) 51282
(01) 8471054
(098) 41850
(01) 2829532
(01) 8461324
(01) 8463191
(01) 2956150
(041) 9842517
(01) 2831380
(021) 4344189
(01) 8377338
(01) 4902338
(01) 2955203
(01) 6271792
(01) 2985474
(01) 2953790
(01) 2886052
(01) 8379449
(041) 9887172
(074) 4177753
(01) 8452482
(01) 8461692
(01) 2898658
(1693) 838930
(01) 8550302
(01) 2896590
(025) 24048
(063) 91068
(063) 91066
(01) 2986476
(01) 2866300
(01) 2811181
(01) 8534885
(028) 90257542
(01) 2603729
(01) 2809472
(045) 866636
(01) 8640648
(01) 4556788
(066) 7180911
(027) 63113
(01) 6272521
(063) 70097
(063) 70208
(061) 318981
(063) 21215
(028) 3026 9159 (077) 39047341
(01) 4598595
(01) 6245394
(042) 9386325
(021) 4363458
(01) 8477429
(028) 38891451
(01) 8061620
(01) 2867922
(01) 4530788
(021) 545700
(041) 36313
(01) 4502016
(021) 4320008
(01) 8550302
(01) 2852419
(01) 2698291
(01) 4902338
(01) 8347902
(01) 4977545
(098) 29020
(01) 8333176
(01) 8671206
(061) 361094
(061) 338964
(021) 4885906
(028) 87740467
(01) 8569435
(01) 8732006
(01) 4978780
(01) 2886388
(0404) 61662
049 4372357
(01) 6249264
(01) 8328198
(01) 4522495
(01) 2867269
(01) 8313376
(01) 4538541
(01) 8483600
(028) 79386951
331-47803256
(028) 37712
(065) 6829626
(065) 6825769
(061) 385236
(051) 643821
(01) 2860385
(096) 73637
(094) 9023133
(01) 8475812
(01) 4906359
(01) 4922296
(01) 2886622
(01) 2808852
(01) 2955243
(01) 2987992
(01) 8337729
(00)(44)(176) 9540355
(01) 4555664
(028) 90663993
(01) 8313247
(01) 2887178
(01) 4906359
(01) 8421200
(01) 6288630
4557592?
(0404) 43665
(01) 4921892
(01) 2831930
(01) 4964336
(01) 2694656
(01) 2860596
(01) 4561989
(01) 4561989
(01) 6286592
(045) 892450
(01) 2869008
(049) 4372033
(01) 2852419
(01) 4531935
(028) 91452258
(01) 2985276
(00)(44)(1273) 584425
(01) 6230085
(027) 63113
(01) 2894103
(0404) 66192
(33) 1 30 614866
(01) 8202649
(01) 4765566
(01) 2893344
(021) 4303389
0494374711
(01) 8373851
(01) 8369202
(01) 6288485
(01) 2692043
(066) 7128065
(066) 37552
(01) 8200897
(045) 483888
(01) 2873470
(093) 35073
(063) 70475
(01) 2886622
(01) 6717149
(01) 4731431
(01) 4973929
(01) 2885019
(0404) 45167 Wicklow
(01) 2823723
(01) 2888041
(01) 8461324
(01) 8640417
(01) 6605805
(0404) 62088
(01) 2881515
(0902) 75592 (01) 2602868
(01) 4556924
(01) 8461519
(01) 4546023
(01) 2985107
(043) 41966
(01) 8463265
(01) 8317435
(01) 2872262
(028) 9268 3498
(01) 8463248
(01) 8782780
(01) 8571045
(056) 7722179
(01) 8462209
(021) 4346053 N=Denis James
(01) 4593830
(01) 8460998
(028) 90281700
01232-201936
01232-281898
(01) 2950149
(01) 8625724
(021) 399814
(01) 2877726 (01) 2872262
(01) 2966808
(028) 94468439
(01) 2884816
(061) 379047
(01) 4929454
(01) 4535329
(01) 2806765
(01) 6273485
(01) 6288078
(01) 2883649
(01) 2951198
(01) 4944080
(01) 8345225
(01) 4622763
(01) 2600450
(01) 8452598
(021) 4899993
(01) 8463375
(01) 2851658
(021) 4383197
(021) 321041
(021) 4345528
(021) 4317432
(01) 8556576
(065) 6840930
(065) 6829383
(061) 337297
(061) 337297
(061) 353704
(01) 8771315
(01) 4556924
(00)(44)(154) 341 6071
(01) 2860041
(01) 2342203
(01) 4531177
(01) 8491521
(01) 6776113
(01) 8348126
(01) 6271792
(01) 6271792
(025) 24274
(01) 8375549
(01) 8375549
(01) 2877726
(01) 8319953
(01) 2871289
(025) 84688
(061) 378753
(061) 378753
(061) 331079
(01) 2893015
(045) 485512
(01) 4512530
(01) 4517365
(01) 4517365
(01) 4590412
(056) 7763299 (056) 7756910
(01) 4973929
(01) 4974822
(01) 2780218
(01) 2835841
(01) 2956587
(01) 4531177
(01) 8678103
(021) 872985
(021) 661593
(096) 36587
(021) 894563
(021) 613030
(026) 46037
(01) 6709084
(01) 8213347
(0906) 475592
(021) 4888388 Mid name=Anthony
(01) 2956138
(01) 8475413
(01) 4531779
(01) 4971211
(079) 52478616
(01) 2855693
(01) 4504911
(01) 6272828
(01) 4508687Sameaddress as5334
(01) 4508687
(01) 2883456
(01) 6288352
(021) 4661676
(091) 591412
(063) 88058
(063) 88058
(063) 91276
(065) 6829626
(063) 91276
(051) 422543
(063) 91115
(051) 422543
(051) 422543
(065) 6821084
(01) 2065066
(065) 6829536
(065) 6841359
(065) 6820843
(065) 6821768
(01) 2962629
(01) 8392580
(01) 2827886 (01) 2721578
(01) 4946127
(01) 4735724
(01) 4508482
(043) 45849
(021) 4365281
(0502) 24998
(061) 395374
(0044) (1442) 386477
(091) 591412
(01) 8454018
(01) 8463212
(01) 8451320
(01) 4974848
(021) 4375617
(021) 4315147
(021) 4772913
(021) 4211571
(021) 4552908
(01) 6288352
(01) 8462446
(01) 8462446
(01) 8462446
(01) 8460720
(01) 4517548
9824357
(077) 51150848
(01) 8408758
(01) 8405891
(028) 90583658
(01) 4974848
(021) 4776999
(061) 361094
(061) 361094
(01) 2980809
(021) 4344600
(01) 4960369
(065) 6862310
(043) 45849
(056) 43224
(061) 362095
(00)(49) 7121 610005
(065) 6820410
(01) 2940280
(01) 8329471
(01) 2897160
(01) 4974848
(01) 2090276
(023) 34384
(021) 4346053
(021) 4311476
(01) 2782276
(094) 22370
(061) 451603
(01) 8405891
(01) 8314806
(01) 8311789
(091) 550097
(01) 2065066
(061) 393558
(01) 8200186
(061) 314991
(01) 2353038
(023) 34384
(045) 435036
(028) 90401051
(028) 90876291
(028) 90721186
(028) 9182 0736
(028) 91456638
(028) 9127 2871
(028) 90591152
(01) 8412371
(01) 8409171
(021) 4344464
(021) 4345471 (021) 4301223
(021) 4344283
(028) 90655739
(028) 90584494
(028) 90591152
(01) 8404802
(091) 523586
(01) 8312185
(041) 9882900Sameaddressas5667
(041) 9882900Sameaddressas5666
(01) 2301481
(01) 8483608
(045) 438561
(01) 2984715
(01) 2955240
(01) 2875184
(01) 2952076
(01) 2837212
(061) 362088
(061) 378088
(01) 2959016
(01) 8454288
(01) 4599689
(01) 8452179
(01) 8454525
(061) 927315
(01) 6288764
(01) 8097174
(01) 8258866
(091) 527089
(025) 95225
(01) 4933891
(01) 8408758
(01) 8312185
(01) 2961450
(01) 8453003
(01) 8061676
(01) 8435368
(028) 25892566
(028) 90716493
(021) 4320305
(043) 45849
00 91 917 666 9500
(01) 8326815
(021) 4891067
(01) 8332887
(01) 8332887
(01) 8332887
(01) 8332887
(025) 24274
(01) 8377938
(061) 326435
(0404) 68542
(0404) 66030
(01) 2894130
(01) 2807906
(01) 4947156
(094) 24375
(094) 9025599
(094) 9023758
(094) 21906
(094) 28544
(094) 9023561
(094) 23561
(029) 68009
(021) 4885040
(021) 4885040
(056) 7761800
(056) 7762294
(00)(44) 7771672638
(01) 2885912
(01) 2481243
(0907) 56697
(044) 64768
(061) 382421
(061) 378549
(061) 378549
(073) 30945
(01) 8305239
(01) 8903922
(01) 2806620
(01) 2951198
(01) 2951617
(058) 42609
(021) 4504648
(094) 9022803
(061) 396459
(061) 396773
(061) 396916
(061) 396782
(021) 4312187
(065) 6829481
(061) 362942
(01) 2896573
(061) 386385
(077) 1338 3541
(028) 2563 1179
(01) 6685208
(01) 4922456
(01) 2694853
(01) 8462920
(021) 4885583
(021) 4382362 Mid nam=Timothy
(061) 367038
(021) 7819078
(021) 4365281
(058) 42616
(021) 4667322
(061) 396622
(044) 22147 Middle name=Pia
(044) 22147 Middle name=Pia
(043) 24095
(043) 23391
(043) 23526
(043) 24386
(043) 23389
(043) 23204
(091) 526291
(091) 591064
(01) 6272753
(01) 4933856
(01) 4922206
(091) 526037
(043) 24592
(043) 24592
(01) 4511579
(from outside Dublin)
(01) 8453741
(01) 8453847
(045) 868434
(01) 8452682
(01) 8450364
(01) 8439289
(028) 9145 0568
(01) 4929152
(087) 4117419
(01) 2988704
(01) 2951163
(01) 2885076
(01) 298876 ???
(01) 2834261
(01) 4939681
(01) 2960853
(01) 2833124
(028) 9181 0617
(028) 9145 4365
(01) 8672643
(01) 8375549
(061) 361094
(01) 2955194
(045) 870732
021 4552844
(061) 413413
(061) 364172
(061) 454836
(0404) 40113
(021) 4975087
(021) 4975087
(091) 584142
(091) 527089
(01) 4969372
(01) 2884746
(01) 8460479
(028) 66326561
(01) 2760879
(094) 25500
(061) 409661
(028) 71373568
(028) 71373568
(01) 2862793
(061) 333537
(01) 2951198
(022) 51398
(022) 51398 HASN'T PLAYED YET
(01) 4662277
(045) 485916
(01) 2898103
(061) 362088
(061) 396166
(061) 382421
(01) 2065066
(021) 4317432
(061) 339502
(061) 631178 (061) 6179540
(061) 382357
(061) 357086 Same add as 6254
(061) 361689
(065) 6842065
(021) 4304304
(01) 8375549
(061) 378442
(061) 330302
(01) 4934678
(043) 24928
(028) 9188 2164
(028) 9145 7248
(01) 6301352
(061) 361730
(045) 872925
(01) 2852419
(01) 4969372
(01) 8314382
(01) 8342140
(01) 2888253
(01) 8400589
(01) 2613902
(021) 4304304
(021) 4382362
(021) 4347302
(01) 4912103
(01) 4912103
(01) 2109420
(01) 4929152 MidN=Christopher
(061) 357086 Same add as 6254
(025) 24743
(01) 8038855
(044) 24824
(025) 84687
(01) 4975002 (01) 4755908
(061) 377754
(028) 9050 3452
(065) 6820307
(061) 378753
(061) 363752
(0505) 46381
(043) 24928
(01) 4904138
(01) 4904138
(061) 362088 (061) 361094
(061) 353672
(061) 353672
(01) 6273651
(01) 2869030
(086) 8034603
(086) 8034603
(061) 327946
(0502) 43818
(0505) 46381
(01) 8211929
(077) 696 54784
(056) 7751784
(077) 75795135
(091) 526910
(091) 794154
(091) 581986
(021) 4962832
(01) 2862435
(01) 8252579
(021) 4345208
(021) 4318385
(028) 9127 1480
(01) 2986381
(094) 9031886
(061) 364172
(061) 479177
(028) 71308721
(091) 7141708
(0404) 61553
(01) 8450016
(01) 5056493
(01) 4626768
(01) 2983620
(091) 529209
(091) 529209
(0905) 73935
(061) 600902
(01) 8480755
(01) 2842366
(01) 2895791
(01) 8327730
(01) 8327926
(01) 8478030
(01) 8460479
(01) 8460489
(061) 311864
(01) 6604678
(01) 2955429
(01) 2955009
(051) 386387
(01) 2951907
(01) 2955476 Midname=John
(01) 2898734
(01) 2984323
(021) 4317398
059 9775214
(01) 8460634
(061) 340662
(061) 353460
(01) 2882129
(061) 369105
(061) 355418
(01) 2861119
(061) 414496
(061) 417074
(061) 440096
(061) 310926
(061) 400124
(061) 317227
(061) 311967
(061) 417119
(061) 411160
(01) 2881175
(01) 6680420
(01) 4965850
(01) 2695771
(01) 2846573
(01) 2893235
(01) 2982122
(028) 6632 9359
(028) 9076 1986
(061) 327327
(061) 361730
(091) 591353
(01) 2833042
(01) 2867421
(061) 363648
(061) 362266 ext.221
(091) 794154
(091) 794154
(091) 794154
(091) 591353
(091) 590845 or 75
(064) 54957
(064) 54957
(064) 37867
(091) 528286
(01) 2745396
(061) 300771
(061) 300771
(065) 6821705
(065) 6842682
(061) 334953
(061) 334953
(061) 481513
(061)377155
(061)377155
(064) 32620
(061) 355968
(061) 355968
(061) 336581
(061) 302358
(061) 302358
(065) 41359
(021) 4276040
(021) 4276040
(061) 227952
(061) 364274
(061) 364274
(064) 32989
(061) 35581
(066) 7136466
(061) 33058
(061) 354306
(061) 339392
(064) 71962
(061) 340028
(066) 9157022
(066) 9157022
(066) 9157381
(051) 641274
(061) 331453
(061) 396952
(061) 396352
(061) 311864
(064) 32635
(021) 4304304
(065) 9052225
(066) 9158127
(091) 528495
(061) 377541
(064) 35921
(061) 346931
(091) 592878
(061) 344633
(061) 362961
(061) 304376
(061) 340289
(061) 340289
(064) 34220
(061) 361196
(021) 4273220
(058) 46600
(065) 90531303
(061) 377983
(021) 4304304
(064) 33288
(021) 4362822
(01) 8461539
(01) 8470646
(01) 8325630
(01) 8480665
(01) 2852052
(064) 36840
(064) 34197
(064) 33011
(0505) 46381
(091) 591353
(091) 529556
(091) 842107
(091) 842107
(091) 520075
(091) 590997
(091) 847434
(091) 795214
(091) 756260
(091) 794849 Son of 10121
(091) 847183
(091) 847333
(091) 799684
(091) 521933
(091) 521853
(091) 521853
(056) 7726394
(091) 842684
(091) 520055
(061) 366887
(061) 336608
(061) 336608
(056) 7723469
(056) 7723469
(091) 842023
(061) 311864
(091) 527089
(056) 7727984
(091) 528495
(091) 591449
(021) 4343378
(021) 4273220
(091) 735595
(091) 842572
(00)(44)(773)3361498
(045) 877753
(01) 8417310
(01) 8353960
(059) 8623927
(01) 4518388
(01) 8258892
(01) 8258892
(061) 340363
(090) 9642716
(090) 9643988
(043) 24646
(0909) 644765
(091) 790635
(059) 9775214
(064) 33541
(064) 33541
(061) 337297
(061) 331079
(028) 90871860
(028) 38333499
01 8748683
(01) 2864205
(01) 2863594
(01) 2863594
(056) 7727789
(059) 6471897
(091) 755860
(056) 7723469
(0909) 643491
(0909) 644765
(091) 751719
(061) 396935
(056) 7723469
(074) 9164762
(043) 46132
(091) 528458
(021) 48711987
(046) 9247887
(01) 8416299
(065) 6846900
(01) 2853960
(045) 861334
(056) 7762635
(054) 77738
(01) 8390074
(01) 8420108
(01) 8326535
(01) 8324332
(097) 81451
(0909) 642664
(01) 2761659
(056) 7752419
(01) 8312940
(01) 2691644
719144589
(056) 7765476
(01) 8258008
(056) 7770874
(056) 7727880
(056) 7726927
(01) 8510938
(061) 382421
(0502) 36540
(056) 7729115
(028) 37551509
(01) 2806620
(01) 2841295
(01) 8258928
(01) 8258156
(01) 2952344
(045) 879906
(01) 8250197
(065) 9052292 MidN=Michael
(065) 9052292
(021) 4543128
(01) 4903521
(01) 4975002
(067) 26052
(061) 395180
(061) 379296
(061) 476986
(061) 332901
(061) 339363
(061) 330903
(090) 9643493
(061) 361689
(094) 9659619
(065) 9051061
(061) 718760
(021) 4320059
(061) 390276
(059) 8635591
(056) 7727789
(061) 393791
(061) 382672
(01) 8530268
(01) 8530268
(021) 4318760
(071) 9658911
(056) 7751228
(056) 51097
(062) 63644
(0044) (1279) 655 010
(01) 2782276
(01) 2880164
(061) 340850
(01) 8158299
(01) 8395643
(01) 8308894
(00)(44)(148)356148
(0044 1708) 551617
(001 510) 8430150
(01) 6602213
(01) 8061905
(01) 2065066
(0044 1724) 344984
(00)(44)(117) 955 1912
(01) 2196631
(065) 6840038
(00)(44)(186) 5372470
(00)(44)(186) 5372470
(0044)(1279) 655010
(052) 38985
(028) 9087 1860
(01372) 460740
(01372) 460740
(English-living in Ireland)
(knows Pearse Dunne??)
(0790) 5873554=Mobile
(01) 8417707
(01) 4210047
(01) 4912958
(00)(44)(020) 6624443
4NCL04-05_Dv3
(00)(44) 1753 887367
(027) 74849
(Entered by JohnWalshICU1648)
(00)(44)(798)5001732
(061) 349664
(064) 35921
(061) 361418
(061) 377048
(061) 313006
(021) 4776014
(01) 8258928
(0404) 62476
(01) 8168927
(043) 45724
(043) 45724
(043) 24733
(025) 33206
(043) 24079
(043) 24414
(090) 9642716
(090) 9642912
(043) 47154
021 438 1146
(043) 24646
(043) 24470
(043) 24359
(043) 24692
(090) 9644765
(090) 9644765
(090) 9644317
(090) 9644317
(028) 38318110
(043) 48837
(01) 8436958
(01) 8436958
(061) 397453
(043) 24476
(051) 643679
(0404) 68042
(01) 2834190
(056) 7727880
(046) 9249285
(01) 8079287
(091) 794849 Father of 6695
(041) 6854960
(045) 483953
6390037
087-9911115
087-2993551
061 300761
(028) 71308721
(01) 8354811
085-7478703
085 7256631
(090)9643710
0214801895
01 2893345
0564442626
0516449121
01 2958924
01 8451421
04324689
012860279
0567751753
0567751753
028 71266146
01 8451421
0567700825
01 8395868
09541900
061 397340
0539428031
05264489
0416852187
09785786
0494334309
018462068
018462068
01 4562433
01 4504661
01 2024953
0494332692
0494360044
012897273
021 7333294
021 7333294
0214677186
(01) 2449745
(061) 395374
(056) 21762
(021) 4875920
(01) 8207302
(098) 26430
(01) 8720877
(028) 90667306
(01) 2875209
(01) 8371651
(028) 90853147
(01) 8453609 (01) 6903195
(01) 4973900
(056) 22287
(01) 2892124
(01) 8361836
(01) 2691833
(01) 8461871
(056) 62860
(028) 90768385
(01) 4555779
(01) 2350287
(01) 8379995
(01) 8316084
(01) 4922970
(045) 431293
(01) 8203851
0598641292
(01) 6291195
(01) 8453237
(01) 2781287
(065) 6824642
(01) 2859070
(028) 90459676
(01) 8216810
(065) 6844258
(01) 8380522
(01) 8426671
(01) 8452585
(028) 90410266
(021) 4295214
(021) 4292072
(021) 4371466
(01) 8309983
(061) 363733
(00)(44) 208 561 6947
(01) 8670065
(01) 4521428
(01) 2782719
(01) 8403146
(01) 8403966
(01) 2858806
(01) 6266220
(021) 4317358
(01) 8318608
(01) 8771315
(01) 8215101 (01) 8213828
(01) 4929454
(01) 2889186
(01) 8393275
(01) 2854081
(021) 4291837
(028) 90610255
(0906) 474246
(01) 4557991
(01) 7011214
(01) 4527585
(01) 4922206
(01) 8342383
(01) 2956773
(01) 8343475
(0404) 66158
(01) 8341906
(01) 2691266
(045) 446704
(01) 4902099
01232-209107
(01) 4509763
(01) 2692945
(01) 2980277
(01) 4599678
(01) 8304991
(01) 4524891
(0902) 75465
(056) 7722852
(028) 90673697
(028) 90660912
(021) 4504372
(045) 867420
(01) 8079619
(01) 8475384
(01) 2852481
(01) 4565226
(01) 2016513
(01) 2896792
(01) 8405148
(01) 4908779
(01) 8426409
(094) 9023366
(061) 327946
(028) 90292982
(028) 90293727
(01) 6604291
(01) 2888265
(01) 2882370
(042) 9374258
(01) 4941191
(01) 4549977
(01) 8400979
(061) 343247
(063) 21002
(01) 2867172
(01) 8328492
(028) 9147 1561
(01) 6282006
(098) 26661
(01) 2986095
(028) 90460985
(01) 2875368
(01) 8641900
(028) 9066 0620 (079) 80477034
(071) 67976
(01) 4902831
(065) 6821193
(01) 8453581
(01) 2867922
(0404) 20589
(028) 9064 2985
(01) 8250293
(01) 8461478
01232-668037 (N.I.)
(028) 90761996
(01) 2819495
(041) 6854960
(01) 2985474
(01) 8490156
(01) 8451960
(051) 386387
(01) 4902099
(01) 2856292
(01) 8460152
+353469063603
(01) 8339317
01 810 6776
(01) 2884038
(056) 7767774
(056) 67774
(01) 4922373
(0044) (1695) 577152
(01) 2856773
(01) 8475898
(01) 4933012
91467197
(01) 4931829
(01) 6774615
(01) 4945465
(056) 70956
(01) 8374410
(01) 4518617
(01) 8436145
(061) 300044
(01) 4920454
(01) 8473203
(063) 81542
(01) 8317085
(061) 455582
(01) 4900181
(028) 9181 5842
(045) 526947
(021) 4397357
(028) 9065 3987
(046) 9247887
(01) 4973929
(0503) 63842 9163842
(01) 8203752
(01) 2697181
(01) 8317823
(01) 8375487
(021) 4891770
(047) 71740
(028) 9146 0391
(021) 4304304 Midname=Jeremiah
(01) 2982391
(021) 4343771
(01) 4976789
(01) 8360859
(01) 8403469
(00)(44)(207) 7376571
(094) 22689
(061) 328940
(01) 4556523
(01) 8027541
(01) 2692928
(01) 2894183
(028) 71290854
(01) 8670192
(01) 6243850
(01) 8460769
(00)(41) 14514119
(028) 90703940
(045) 520399
(045) 877567
(01) 8331038
(021) 4394384
(01) 8370814
(01) 8680108
(01) 2845359
(061) 302330
(01) 6242547
(01)4537017
(01) 2851379
(01) 6164083
(01) 6273861
(01) 8450241
(065) 6824824
(061) 270446
(061) 347824
(01) 2692118
(01) 2880133
(01) 4932469
(01) 4902338
(045) 433155
(01) 4931000
(044) 937 2894
01 2945226
(01) 8481039
(01) 4920213
(021) 4361753
(01) 8377498
(01) 8378117
(056) 7767725
(021) 4552908
(01) 8683713
(028) 71261604
(065) 6824784
(041) 9846092
(021) 4873745
(056) 61194
(01) 8335050
(01) 4933891
(0503) 31487
(01) 8344394
(01) 8453502
(01) 8453502
(01) 8477495
(01) 8169404
(01) 8216562
(01) 8453502
(028) 90948136
00 44 131 553 9051
(01) 6779059
(041) 34314
(01) 2801401
(01) 8623857
(01) 4574330
(028) 9145 1069
(053) 41376
(01) 8375549
(051) 879923
(01) 8339548
(00)(1) 201 6703514
(01) 2894818
(045) 868795
(01) 8321125
(01) 2694450
(01) 8671473
(052) 38904
(01) 8452870
(041) 9836267
(01) 2860279
(0503) 31460
(01) 8463186
(021) 4541054
(01) 8340619
(0773) 0009053
(01) 6606824
(01) 8255074
(01) 8375351
(01) 8331309
(01) 8672643
(01) 8452951
(061) 315427
(01) 4538541
(028) 90966988
(07790) 559339
(01) 8437779
0183050780
(028) 90423087
(01) 8204098
(045) 481548
(01) 2877654
(041) 9836110
(051) 424941
(045) 522277
(01) 8337776
(028) 71312860
(01) 8453354
(028) 9447 2932
(045) 895342
(01) 8314765
(063) 89250
(01) 8475926
(01) 2964120
(01) 4921330
90799821
(01) 4945544
(01) 6268693
(01) 8342140
(01) 6212021
(043) 84206
(01) 8348179
(045) 866730
(01) 8384510
(01) 4530601
(0504) 21695
(065) 6880020 (065) 6842035
(01) 2859922
(01) 2804280
(01) 8474183
(01) 8451687
(044) 40221
(041) 9824864
(052) 22513
(01) 2895422
(051) 641165
(021) 4541521
(045) 8892741
(021) 4361593
(061) 364478
(01) 2875154
(01) 2780125
(0504) 43179
(01) 8322168
(01) 8324251
(01) 4640711
(01) 8460998
(01) 6701674
(01) 8640648
(028) 94473771
(055) 20170
(045) 525628
(01) 4935367
(045) 525585
(01) 4941413
(01) 4944301
(066) 7180848
(01) 6269413
(091) 589130
(061) 313854
(01) 2895575
(01) 2303183
(01) 2888397
(071) 9161270
(01) 6270173
(094) 9023366 (096) 71023
(028) 90585477
(028) 9268 3324
01232-795273
(028) 90485537
(01) 8464300
(042) 9331339
(01) 8470525
(01) 8335806
(01) 8376367
(01) 8332719
(061) 364320
(0044 161) 4321889
(077) 76108789
(028) 92689654
(01) 8316282
(028) 92638857
(01) 4538541
(01) 8477207
(01) 8452396
(01) 8490515
(01) 2851794
(01) 2856530
(0044 208) 4042627
(0504) 22507
(01) 2869498
(052) 24468
(052) 26072
(021) 4357895
(021) 4892823
(021) 4507916
(064) 44108
(01) 4943896
(063) 81106
(01) 8327901
(064) 43017
(056) 7763721
(061) 325931
(0207) 4356185
+33 (0)5 65 78 13 96
(01) 8641900
(01) 4931564
(01) 2887178
(01) 2894949
(062) 47594
(01) 4911529
(028) 9185 3723
(0504) 23753
(01) 8402464
(01) 8451840
(01) 8436598
(01) 8450153
(01) 8453398
(01) 8484752
018326024
(01) 8222440
(091) 592304
(021) 4294476
(021) 831385
(01) 4906106
(01) 2833381
(053) 39992
(01) 8461871
(01) 4737153
(01) 6233958
(028) 9032 6795
(01) 8030595
(01) 2844194
(01) 8472929
(01) 8168927
(01) 8168927
(01) 2721578
(01) 2877405
(01) 2866378
(01) 4594304
(066) 51282
(01) 8471054
(098) 41850
(01) 2829532
(01) 8461324
(01) 8463191
(01) 2956150
(041) 9842517
(01) 2831380
(021) 4344189
(01) 8377338
(01) 4902338
(01) 2955203
(01) 6271792
(01) 2985474
(01) 2953790
(01) 2886052
(01) 8379449
(041) 9887172
(074) 4177753
(01) 8452482
(01) 8461692
(01) 2898658
(1693) 838930
(01) 8550302
(01) 2896590
(025) 24048
(063) 91068
(063) 91066
(01) 2986476
(01) 2866300
(01) 2811181
(01) 8534885
(028) 90257542
(01) 2603729
(01) 2809472
(045) 866636
(01) 8640648
(01) 4556788
(066) 7180911
(027) 63113
(01) 6272521
(063) 70097
(063) 70208
(061) 318981
(063) 21215
(028) 3026 9159 (077) 39047341
(01) 4598595
(01) 6245394
(042) 9386325
(021) 4363458
(01) 8477429
(028) 38891451
(01) 8061620
(01) 2867922
(01) 4530788
(021) 545700
(041) 36313
(01) 4502016
(021) 4320008
(01) 8550302
(01) 2852419
(01) 2698291
(01) 4902338
(01) 8347902
(01) 4977545
(098) 29020
(01) 8333176
(01) 8671206
(061) 361094
(061) 338964
(021) 4885906
(028) 87740467
(01) 8569435
(01) 8732006
(01) 4978780
(01) 2886388
(0404) 61662
049 4372357
(01) 6249264
(01) 8328198
(01) 4522495
(01) 2867269
(01) 8313376
(01) 4538541
(01) 8483600
(028) 79386951
331-47803256
(028) 37712
(065) 6829626
(065) 6825769
(061) 385236
(051) 643821
(01) 2860385
(096) 73637
(094) 9023133
(01) 8475812
(01) 4906359
(01) 4922296
(01) 2886622
(01) 2808852
(01) 2955243
(01) 2987992
(01) 8337729
(00)(44)(176) 9540355
(01) 4555664
(028) 90663993
(01) 8313247
(01) 2887178
(01) 4906359
(01) 8421200
(01) 6288630
4557592?
(0404) 43665
(01) 4921892
(01) 2831930
(01) 4964336
(01) 2694656
(01) 2860596
(01) 4561989
(01) 4561989
(01) 6286592
(045) 892450
(01) 2869008
(049) 4372033
(01) 2852419
(01) 4531935
(028) 91452258
(01) 2985276
(00)(44)(1273) 584425
(01) 6230085
(027) 63113
(01) 2894103
(0404) 66192
(33) 1 30 614866
(01) 8202649
(01) 4765566
(01) 2893344
(021) 4303389
0494374711
(01) 8373851
(01) 8369202
(01) 6288485
(01) 2692043
(066) 7128065
(066) 37552
(01) 8200897
(045) 483888
(01) 2873470
(093) 35073
(063) 70475
(01) 2886622
(01) 6717149
(01) 4731431
(01) 4973929
(01) 2885019
(0404) 45167 Wicklow
(01) 2823723
(01) 2888041
(01) 8461324
(01) 8640417
(01) 6605805
(0404) 62088
(01) 2881515
(0902) 75592 (01) 2602868
(01) 4556924
(01) 8461519
(01) 4546023
(01) 2985107
(043) 41966
(01) 8463265
(01) 8317435
(01) 2872262
(028) 9268 3498
(01) 8463248
(01) 8782780
(01) 8571045
(056) 7722179
(01) 8462209
(021) 4346053 N=Denis James
(01) 4593830
(01) 8460998
(028) 90281700
01232-201936
01232-281898
(01) 2950149
(01) 8625724
(021) 399814
(01) 2877726 (01) 2872262
(01) 2966808
(028) 94468439
(01) 2884816
(061) 379047
(01) 4929454
(01) 4535329
(01) 2806765
(01) 6273485
(01) 6288078
(01) 2883649
(01) 2951198
(01) 4944080
(01) 8345225
(01) 4622763
(01) 2600450
(01) 8452598
(021) 4899993
(01) 8463375
(01) 2851658
(021) 4383197
(021) 321041
(021) 4345528
(021) 4317432
(01) 8556576
(065) 6840930
(065) 6829383
(061) 337297
(061) 337297
(061) 353704
(01) 8771315
(01) 4556924
(00)(44)(154) 341 6071
(01) 2860041
(01) 2342203
(01) 4531177
(01) 8491521
(01) 6776113
(01) 8348126
(01) 6271792
(01) 6271792
(025) 24274
(01) 8375549
(01) 8375549
(01) 2877726
(01) 8319953
(01) 2871289
(025) 84688
(061) 378753
(061) 378753
(061) 331079
(01) 2893015
(045) 485512
(01) 4512530
(01) 4517365
(01) 4517365
(01) 4590412
(056) 7763299 (056) 7756910
(01) 4973929
(01) 4974822
(01) 2780218
(01) 2835841
(01) 2956587
(01) 4531177
(01) 8678103
(021) 872985
(021) 661593
(096) 36587
(021) 894563
(021) 613030
(026) 46037
(01) 6709084
(01) 8213347
(0906) 475592
(021) 4888388 Mid name=Anthony
(01) 2956138
(01) 8475413
(01) 4531779
(01) 4971211
(079) 52478616
(01) 2855693
(01) 4504911
(01) 6272828
(01) 4508687Sameaddress as5334
(01) 4508687
(01) 2883456
(01) 6288352
(021) 4661676
(091) 591412
(063) 88058
(063) 88058
(063) 91276
(065) 6829626
(063) 91276
(051) 422543
(063) 91115
(051) 422543
(051) 422543
(065) 6821084
(01) 2065066
(065) 6829536
(065) 6841359
(065) 6820843
(065) 6821768
(01) 2962629
(01) 8392580
(01) 2827886 (01) 2721578
(01) 4946127
(01) 4735724
(01) 4508482
(043) 45849
(021) 4365281
(0502) 24998
(061) 395374
(0044) (1442) 386477
(091) 591412
(01) 8454018
(01) 8463212
(01) 8451320
(01) 4974848
(021) 4375617
(021) 4315147
(021) 4772913
(021) 4211571
(021) 4552908
(01) 6288352
(01) 8462446
(01) 8462446
(01) 8462446
(01) 8460720
(01) 4517548
9824357
(077) 51150848
(01) 8408758
(01) 8405891
(028) 90583658
(01) 4974848
(021) 4776999
(061) 361094
(061) 361094
(01) 2980809
(021) 4344600
(01) 4960369
(065) 6862310
(043) 45849
(056) 43224
(061) 362095
(00)(49) 7121 610005
(065) 6820410
(01) 2940280
(01) 8329471
(01) 2897160
(01) 4974848
(01) 2090276
(023) 34384
(021) 4346053
(021) 4311476
(01) 2782276
(094) 22370
(061) 451603
(01) 8405891
(01) 8314806
(01) 8311789
(091) 550097
(01) 2065066
(061) 393558
(01) 8200186
(061) 314991
(01) 2353038
(023) 34384
(045) 435036
(028) 90401051
(028) 90876291
(028) 90721186
(028) 9182 0736
(028) 91456638
(028) 9127 2871
(028) 90591152
(01) 8412371
(01) 8409171
(021) 4344464
(021) 4345471 (021) 4301223
(021) 4344283
(028) 90655739
(028) 90584494
(028) 90591152
(01) 8404802
(091) 523586
(01) 8312185
(041) 9882900Sameaddressas5667
(041) 9882900Sameaddressas5666
(01) 2301481
(01) 8483608
(045) 438561
(01) 2984715
(01) 2955240
(01) 2875184
(01) 2952076
(01) 2837212
(061) 362088
(061) 378088
(01) 2959016
(01) 8454288
(01) 4599689
(01) 8452179
(01) 8454525
(061) 927315
(01) 6288764
(01) 8097174
(01) 8258866
(091) 527089
(025) 95225
(01) 4933891
(01) 8408758
(01) 8312185
(01) 2961450
(01) 8453003
(01) 8061676
(01) 8435368
(028) 25892566
(028) 90716493
(021) 4320305
(043) 45849
00 91 917 666 9500
(01) 8326815
(021) 4891067
(01) 8332887
(01) 8332887
(01) 8332887
(01) 8332887
(025) 24274
(01) 8377938
(061) 326435
(0404) 68542
(0404) 66030
(01) 2894130
(01) 2807906
(01) 4947156
(094) 24375
(094) 9025599
(094) 9023758
(094) 21906
(094) 28544
(094) 9023561
(094) 23561
(029) 68009
(021) 4885040
(021) 4885040
(056) 7761800
(056) 7762294
(00)(44) 7771672638
(01) 2885912
(01) 2481243
(0907) 56697
(044) 64768
(061) 382421
(061) 378549
(061) 378549
(073) 30945
(01) 8305239
(01) 8903922
(01) 2806620
(01) 2951198
(01) 2951617
(058) 42609
(021) 4504648
(094) 9022803
(061) 396459
(061) 396773
(061) 396916
(061) 396782
(021) 4312187
(065) 6829481
(061) 362942
(01) 2896573
(061) 386385
(077) 1338 3541
(028) 2563 1179
(01) 6685208
(01) 4922456
(01) 2694853
(01) 8462920
(021) 4885583
(021) 4382362 Mid nam=Timothy
(061) 367038
(021) 7819078
(021) 4365281
(058) 42616
(021) 4667322
(061) 396622
(044) 22147 Middle name=Pia
(044) 22147 Middle name=Pia
(043) 24095
(043) 23391
(043) 23526
(043) 24386
(043) 23389
(043) 23204
(091) 526291
(091) 591064
(01) 6272753
(01) 4933856
(01) 4922206
(091) 526037
(043) 24592
(043) 24592
(01) 4511579
(from outside Dublin)
(01) 8453741
(01) 8453847
(045) 868434
(01) 8452682
(01) 8450364
(01) 8439289
(028) 9145 0568
(01) 4929152
(087) 4117419
(01) 2988704
(01) 2951163
(01) 2885076
(01) 298876 ???
(01) 2834261
(01) 4939681
(01) 2960853
(01) 2833124
(028) 9181 0617
(028) 9145 4365
(01) 8672643
(01) 8375549
(061) 361094
(01) 2955194
(045) 870732
021 4552844
(061) 413413
(061) 364172
(061) 454836
(0404) 40113
(021) 4975087
(021) 4975087
(091) 584142
(091) 527089
(01) 4969372
(01) 2884746
(01) 8460479
(028) 66326561
(01) 2760879
(094) 25500
(061) 409661
(028) 71373568
(028) 71373568
(01) 2862793
(061) 333537
(01) 2951198
(022) 51398
(022) 51398 HASN'T PLAYED YET
(01) 4662277
(045) 485916
(01) 2898103
(061) 362088
(061) 396166
(061) 382421
(01) 2065066
(021) 4317432
(061) 339502
(061) 631178 (061) 6179540
(061) 382357
(061) 357086 Same add as 6254
(061) 361689
(065) 6842065
(021) 4304304
(01) 8375549
(061) 378442
(061) 330302
(01) 4934678
(043) 24928
(028) 9188 2164
(028) 9145 7248
(01) 6301352
(061) 361730
(045) 872925
(01) 2852419
(01) 4969372
(01) 8314382
(01) 8342140
(01) 2888253
(01) 8400589
(01) 2613902
(021) 4304304
(021) 4382362
(021) 4347302
(01) 4912103
(01) 4912103
(01) 2109420
(01) 4929152 MidN=Christopher
(061) 357086 Same add as 6254
(025) 24743
(01) 8038855
(044) 24824
(025) 84687
(01) 4975002 (01) 4755908
(061) 377754
(028) 9050 3452
(065) 6820307
(061) 378753
(061) 363752
(0505) 46381
(043) 24928
(01) 4904138
(01) 4904138
(061) 362088 (061) 361094
(061) 353672
(061) 353672
(01) 6273651
(01) 2869030
(086) 8034603
(086) 8034603
(061) 327946
(0502) 43818
(0505) 46381
(01) 8211929
(077) 696 54784
(056) 7751784
(077) 75795135
(091) 526910
(091) 794154
(091) 581986
(021) 4962832
(01) 2862435
(01) 8252579
(021) 4345208
(021) 4318385
(028) 9127 1480
(01) 2986381
(094) 9031886
(061) 364172
(061) 479177
(028) 71308721
(091) 7141708
(0404) 61553
(01) 8450016
(01) 5056493
(01) 4626768
(01) 2983620
(091) 529209
(091) 529209
(0905) 73935
(061) 600902
(01) 8480755
(01) 2842366
(01) 2895791
(01) 8327730
(01) 8327926
(01) 8478030
(01) 8460479
(01) 8460489
(061) 311864
(01) 6604678
(01) 2955429
(01) 2955009
(051) 386387
(01) 2951907
(01) 2955476 Midname=John
(01) 2898734
(01) 2984323
(021) 4317398
059 9775214
(01) 8460634
(061) 340662
(061) 353460
(01) 2882129
(061) 369105
(061) 355418
(01) 2861119
(061) 414496
(061) 417074
(061) 440096
(061) 310926
(061) 400124
(061) 317227
(061) 311967
(061) 417119
(061) 411160
(01) 2881175
(01) 6680420
(01) 4965850
(01) 2695771
(01) 2846573
(01) 2893235
(01) 2982122
(028) 6632 9359
(028) 9076 1986
(061) 327327
(061) 361730
(091) 591353
(01) 2833042
(01) 2867421
(061) 363648
(061) 362266 ext.221
(091) 794154
(091) 794154
(091) 794154
(091) 591353
(091) 590845 or 75
(064) 54957
(064) 54957
(064) 37867
(091) 528286
(01) 2745396
(061) 300771
(061) 300771
(065) 6821705
(065) 6842682
(061) 334953
(061) 334953
(061) 481513
(061)377155
(061)377155
(064) 32620
(061) 355968
(061) 355968
(061) 336581
(061) 302358
(061) 302358
(065) 41359
(021) 4276040
(021) 4276040
(061) 227952
(061) 364274
(061) 364274
(064) 32989
(061) 35581
(066) 7136466
(061) 33058
(061) 354306
(061) 339392
(064) 71962
(061) 340028
(066) 9157022
(066) 9157022
(066) 9157381
(051) 641274
(061) 331453
(061) 396952
(061) 396352
(061) 311864
(064) 32635
(021) 4304304
(065) 9052225
(066) 9158127
(091) 528495
(061) 377541
(064) 35921
(061) 346931
(091) 592878
(061) 344633
(061) 362961
(061) 304376
(061) 340289
(061) 340289
(064) 34220
(061) 361196
(021) 4273220
(058) 46600
(065) 90531303
(061) 377983
(021) 4304304
(064) 33288
(021) 4362822
(01) 8461539
(01) 8470646
(01) 8325630
(01) 8480665
(01) 2852052
(064) 36840
(064) 34197
(064) 33011
(0505) 46381
(091) 591353
(091) 529556
(091) 842107
(091) 842107
(091) 520075
(091) 590997
(091) 847434
(091) 795214
(091) 756260
(091) 794849 Son of 10121
(091) 847183
(091) 847333
(091) 799684
(091) 521933
(091) 521853
(091) 521853
(056) 7726394
(091) 842684
(091) 520055
(061) 366887
(061) 336608
(061) 336608
(056) 7723469
(056) 7723469
(091) 842023
(061) 311864
(091) 527089
(056) 7727984
(091) 528495
(091) 591449
(021) 4343378
(021) 4273220
(091) 735595
(091) 842572
(00)(44)(773)3361498
(045) 877753
(01) 8417310
(01) 8353960
(059) 8623927
(01) 4518388
(01) 8258892
(01) 8258892
(061) 340363
(090) 9642716
(090) 9643988
(043) 24646
(0909) 644765
(091) 790635
(059) 9775214
(064) 33541
(064) 33541
(061) 337297
(061) 331079
(028) 90871860
(028) 38333499
01 8748683
(01) 2864205
(01) 2863594
(01) 2863594
(056) 7727789
(059) 6471897
(091) 755860
(056) 7723469
(0909) 643491
(0909) 644765
(091) 751719
(061) 396935
(056) 7723469
(074) 9164762
(043) 46132
(091) 528458
(021) 48711987
(046) 9247887
(01) 8416299
(065) 6846900
(01) 2853960
(045) 861334
(056) 7762635
(054) 77738
(01) 8390074
(01) 8420108
(01) 8326535
(01) 8324332
(097) 81451
(0909) 642664
(01) 2761659
(056) 7752419
(01) 8312940
(01) 2691644
719144589
(056) 7765476
(01) 8258008
(056) 7770874
(056) 7727880
(056) 7726927
(01) 8510938
(061) 382421
(0502) 36540
(056) 7729115
(028) 37551509
(01) 2806620
(01) 2841295
(01) 8258928
(01) 8258156
(01) 2952344
(045) 879906
(01) 8250197
(065) 9052292 MidN=Michael
(065) 9052292
(021) 4543128
(01) 4903521
(01) 4975002
(067) 26052
(061) 395180
(061) 379296
(061) 476986
(061) 332901
(061) 339363
(061) 330903
(090) 9643493
(061) 361689
(094) 9659619
(065) 9051061
(061) 718760
(021) 4320059
(061) 390276
(059) 8635591
(056) 7727789
(061) 393791
(061) 382672
(01) 8530268
(01) 8530268
(021) 4318760
(071) 9658911
(056) 7751228
(056) 51097
(062) 63644
(0044) (1279) 655 010
(01) 2782276
(01) 2880164
(061) 340850
(01) 8158299
(01) 8395643
(01) 8308894
(00)(44)(148)356148
(0044 1708) 551617
(001 510) 8430150
(01) 6602213
(01) 8061905
(01) 2065066
(0044 1724) 344984
(00)(44)(117) 955 1912
(01) 2196631
(065) 6840038
(00)(44)(186) 5372470
(00)(44)(186) 5372470
(0044)(1279) 655010
(052) 38985
(028) 9087 1860
(01372) 460740
(01372) 460740
(English-living in Ireland)
(knows Pearse Dunne??)
(0790) 5873554=Mobile
(01) 8417707
(01) 4210047
(01) 4912958
(00)(44)(020) 6624443
4NCL04-05_Dv3
(00)(44) 1753 887367
(027) 74849
(Entered by JohnWalshICU1648)
(00)(44)(798)5001732
(061) 349664
(064) 35921
(061) 361418
(061) 377048
(061) 313006
(021) 4776014
(01) 8258928
(0404) 62476
(01) 8168927
(043) 45724
(043) 45724
(043) 24733
(025) 33206
(043) 24079
(043) 24414
(090) 9642716
(090) 9642912
(043) 47154
021 438 1146
(043) 24646
(043) 24470
(043) 24359
(043) 24692
(090) 9644765
(090) 9644765
(090) 9644317
(090) 9644317
(028) 38318110
(043) 48837
(01) 8436958
(01) 8436958
(061) 397453
(043) 24476
(051) 643679
(0404) 68042
(01) 2834190
(056) 7727880
(046) 9249285
(01) 8079287
(091) 794849 Father of 6695
(041) 6854960
(045) 483953
6390037
087-9911115
087-2993551
061 300761
(028) 71308721
(01) 8354811
085-7478703
085 7256631
(090)9643710
0214801895
01 2893345
0564442626
0516449121
01 2958924
01 8451421
04324689
012860279
0567751753
0567751753
028 71266146
01 8451421
0567700825
01 8395868
09541900
061 397340
0539428031
05264489
0416852187
09785786
0494334309
018462068
018462068
01 4562433
01 4504661
01 2024953
0494332692
0494360044
012897273
021 7333294
021 7333294
